0,456
0,455
0,454
0,453
0,386
30,35
3,2
3,1
3,3
10,204
10,219
10,125
10,152
10,230
10,261
10,299
10,217
11,9
11,27
11,25
11,20
8,2
8,3
27,6
27,5
27,4
27,3
27,2
27,1
27,0
26,3
26,2
26,1
26,0
25,3
25,2
25,1
25,0
24,3
24,2
24,1
24,0
20,3
20,2
20,1
19,2
19,3
19,1
12,3
12,2
12,1
11,29
11,24
11,21
11,19
11,17
11,13
11,12
11,10
11,8
11,7
11,6
11,4
11,3
11,2
11,1
10,308
10,290
10,205
10,188
10,187
10,181
10,179
10,164
10,154
10,147
10,141
10,122
10,117
18,1
10,114
18,3
10,104
10,92
10,67
10,25
14,1
10,18
14,3
10,6
10,3
13,1
10,2
